RumbleIntensity: 0.5326087
WaveSpeed: 0.5103801
WaveLength: 0.9734853
WaveAmplitude: 0.007764005
SecondWaveLength: 0.1666667
SecondWaveAmplitude: 0
Clouds: 0.25
BkgDroneVolume: 0.2769565
FadePalette: 11, 0.1956522, 0.2065217, 0.1956522
